11111111111111111111111111111111111111111111111111111111111111111111111111111111
11111111111111111111111111111111111111111111111111111111111111111111111111111111
11111111111111111111111111111111111111110000000000000000000000000000000000011111
11111111111111111111111111111111111110000000000000000000000000000000000000000011
11111111111111111111111111111111111110000000111100000000000000000000000000000011
11111111111111111111111111111111111110000000111100000000000000000000000000000011
11111111111111111111111111111111111110000000000000000000000000000000000000000011
11111111111111111111111111111111111110000000000000000000000000000000000000000011
11111111111111111111111111111111111110000000000000000000000000000000000000000011
11111111111111111111111111111111111110000000000000000000000000000000000000000011
11111111111111111111111111111111111110000000000000000000000000000000000000000011
11111111111111111111111111111111111110000000000000000001111111111111111111111111
11111111111111111111111111111111111110000000000000000001111111111111111111111111
11111111111111111111111111111111111110000000000000000000000000000000111111111111
11111111111111111111111111111111111110000000000000000000000000000000111111111111
11111111111111111111111111111111111110000000000000011111111111111111111111111111
11100011111111111111111111111111100000000000000000011111111111111111111111111111
11100000000111111111111111100000000000000000000000011111111111111111111111111111
11100000000111111111111111100000000000000000000000011111111111111111111111111111
11100000000000011111100000000000000000000000000000000000000111111111111111111111
11100000000000000000000000000000000000000000000000000000000111111111111111111111
11100000000000000000000000000000000000000000000000011110000111111111111111111111
11100000000000000000000000000000000000000000000000011111111111111111111111111111
11100000000000000000000000000000000000000000000000011111111111111111111111111111
11111100000000000000000000000000000000000000000011111111111111111111111111111111
11111111100000000000000000000000000000000000000011111111111111111111111111111111
11111111100000000000000000000000000000000000000011111111111111111111111111111111
11111111111110000000000000000000000000000000111111111111111111111111111111111111
11111111111110000000000000000000000000011111111111111111111111111111111111111111
11111111111111111000000000000000000000011111111111111111111111111111111111111111
11111111111111111111100000000011100000011111111111111111111111111111111111111111
11111111111111111111100001111111111100011111111111111111111111111111111111111111
11111111111111111111100000000011111100011111111111111111111111111111111111111111
11111111111111111111111111111111111100011111111111111111111111111111111111111111
11111111111111111111111111111111111100011111111111111111111111111111111111111111
11111111111111111111111111111111111100000000111111111111111111111111111111111111
