00000000000000000000000000000000000000000000000000000000000000000000000000000000
00000000000000000000000000000000000000000000000000000000000000000000000000000000
00000000000000000000000000000000000000000000000000000000000000000000000000000000
00000000000000000000000000000000000000000000000000000000000000000000000000000000
00000000000000000000000000000000000000000000000000000000000000000000000000000000
00000000000000000000000000000000000000000000000000000000000000000000000000000000
00000000000000000000000000000000000000000000000000000000000000000000000000000000
11111111111111111111111111111111111111111111111111111111111111111111111111111111
11111111111111111111111111111111111111111111111111111111111111111111111111111111
11111111111111111111111111111111111111111111111111111111111111111111111111111111
11111111111111111111111111111111111111111111111111111111111111111111111111111111
11111111111111111111111111111111111111111111111111111111111111111111111111111111
11111111111111111111111111111111111111111111111111111111111111111111111111111111
11111111111111111111111111111111111111111111111111111111111111111111111111111111
11111111111111111111111111111111111111111111111111111111111111111111111111111111
11111111111111111111111111111111111111111111111111111111111111111111111111111111
11011111111111111111111111111111111111111111111111111111111111111011111111111111
10001111111111111111111111111111111111111111111111111111111111110011111111111111
10001111111111111111111111111111111111111111111111111111111111110011111111111111
10000111100111111111111111011111111111111100111111111111001110110011111110011111
11110111100111111111111110011111111111111100111111111110001110011111111110011111
11110111100111111111111110011111111111111100111111111110001110011111111110011111
11110111100111111111111110011111111111111100111111111110001110011111111110011111
11110111100111111111111110011111111111111100111111111110001110011111111110011111
11110111100111111111111110011111111111111100111111111110001110011111111110011111
11110111100111111001111111011111111111110000111001111111001110111111111110011111
11111111111111111001111111111111111111110011111001111111111111111111111111111111
11111111111111111001111111111111111111110011111001111111111111111111111111111111
11111111111111111001111111111111111111110011111001111111111111111111111111111111
11111111111111111001111111111111111111110011111001111111111111111111111111111111
11111111111111111001111111111111111111110011111001111111111111111111111111111111
11111111111111111111111111111111111111111111111111111111111111111111111111111111
11111111111111111111111111111111111111111111111111111111111111111111111111111111
11111111111111111111111111111111111111111111111111111111111111111111111111111111
11111111111111111111111111111111111111111111111111111111111111111111111111111111
11111111111111111111111111111111111111111111111111111111111111111111111111111111
11111111111111111111111111111111111111111111111111111111111111111111111111111111
11111111111111111111111111111111111111111111111111111111111111111111111111111111
11111111111111111111111111111111111111111111111111111111111111111111111111111111
11111111111111111111111111111111111111111111111111111111111111111111111111111111
