11111111111111111111111111111111111111111111111111111111111111111111111111111111
11111111111111111111111111111111111111111111111111111111111111111111111111111111
11111111111111111111111111111111111111111111111111111111111111111111111111111111
11111111111111111111111111111111111111111111111111111111111111111111111111111111
11111111111111111111111111111111111111111111111111111111111111111111111111111111
11111111100000000000011111111111111111111111111111111111111111111111111111111111
11111111100000000000001111111111111111111111111111111111111111111111111111111111
11111111100001111100000110001100001111000000011111110000000111110000000111111111
11111111100001111100000110000000001100000000000110000000000110000000000111111111
11111111100000000000001110000000001000001110000010000111100110000111100111111111
11111111100000000000011110000111110000000000000010000000011110000000011111111111
11111111100000000011111110000111110000000000000011000000000111000000000111111111
11111111100001111111111110000111110000011111111110111110000010111110000011111111
11111111100001111111111110000111111000000000000110000000000010000000000011111111
11111111100001111111111110000111111110000000000110000000001110000000001111111111
11111111111111111111111111111111111111111111111111111111111111111111111111111111
11111111111111111111111111111111111111111111111111111111111111111111111111111111
11111111111111111111111111111111111111111111111111111111111111111111111111111111
11111111111111111111111111111111111111111111111111111111111111111111111111111111
11111111111111111111111111111111111111111111111111111111111111111111111111111111
11111111111111111111111111111111111111111111111111111111111111111111111111111111
11111111111111111111111111111111111111111111111111111111111111111111111111111111
11111111111111111111111111111111111111111111111111111111111111111111111111111111
11111111111111111111111111111111111111111111111111111111111111111111111111111111
11111111111111100000001111111111111111111111111111111111111111111111111111111111
11111111111100000000000111110001111111111111111111111111111111000011111111111111
11111111111000000000000111100001111111111111111111111111111110000011111111111111
11111111110000011111111110000000000110000000001111000010000000000000011111111111
11111111111000000001111110000000000100000000000111000000000000000000011111111111
11111111111100000000001111100000111100111110000011000000111110000011111111111111
11111111111111100000000011100000111100000000000011000001111110000011111111111111
11111111111111111110000011100001111000000000000011000001111110000011111111111111
11111111110000011100000011100000111000011100000011000001111110000011111111111111
11111111110000000000000111100000000000000000000011000001111111000000011111111111
11111111111000000000011111111000000110000001000111100011111111100000011111111111
11111111111111111111111111111111111111111111111111111111111111111111111111111111
11111111111111111111111111111111111111111111111111111111111111111111111111111111
11111111111111111111111111111111111111111111111111111111111111111111111111111111
11111111111111111111111111111111111111111111111111111111111111111111111111111111
11111111111111111111111111111111111111111111111111111111111111111111111111111111
